0 0.6988273859024048 0
0 0.791946530342102 0
0 0.4033457636833191 0
0 0.20123665034770966 0
0 0.1831427663564682 0
0 0.33022499084472656 0
0 0.3089650273323059 0
0 0.38660895824432373 0
0 0.3517589569091797 0
0 0.33906981348991394 0
0 0.3138357996940613 0
0 1.5406134128570557 0
0 0.8727783560752869 0
0 0.963808536529541 0
0 1.2132564783096313 0
0 0.8240695595741272 0
0 0.6357842683792114 0
0 0.4995734393596649 0
0 0.5545432567596436 0
0 0.39019128680229187 0
0 0.570855438709259 0
0 0.48201441764831543 0
0 0.36470407247543335 0
0 0.5757706761360168 0
0 0.5897454619407654 0
0 0.7083060145378113 0
1.5421549409369761 0.5833330154418945 2.5566669845581056
1.5421549409369761 0.5715498328208923 2.5566669845581056
1.5421549409369761 0.39996808767318726 2.5566669845581056
1.5421549409369761 0.3071196377277374 2.5566669845581056
1.5421549409369761 0.35928890109062195 2.5566669845581056
3.1539294713413883 0.38034358620643616 2.759656413793564
3.1539294713413883 0.4168848991394043 2.759656413793564
3.1539294713413883 0.4478295147418976 2.759656413793564
3.1539294713413883 0.4617398977279663 2.759656413793564
3.1539294713413883 0.48439866304397583 2.759656413793564
4.73005451822259 0.4842865765094757 2.6557134234905244
4.73005451822259 0.4872250556945801 2.6557134234905244
4.73005451822259 0.4793778657913208 2.6557134234905244
4.73005451822259 0.46930548548698425 2.6557134234905244
4.73005451822259 0.4640655517578125 2.6557134234905244
6.31314422759689 0.4639797508716583 2.676020249128342
6.31314422759689 0.45301541686058044 2.676020249128342
6.31314422759689 0.4534502923488617 2.676020249128342
6.31314422759689 0.43554121255874634 2.676020249128342
6.31314422759689 0.42681407928466797 2.676020249128342
7.91194982058392 0.41815704107284546 2.7218429589271547
7.91194982058392 0.4075273275375366 2.7218429589271547
7.91194982058392 0.3950885534286499 2.7218429589271547
7.91194982058392 0.39995241165161133 2.7218429589271547
7.91194982058392 0.3974386751651764 2.7218429589271547
9.519680571357197 0.39213401079177856 2.7478659892082216
9.519680571357197 0.39234063029289246 2.7478659892082216
9.519680571357197 0.42403319478034973 2.7478659892082216
9.519680571357197 0.44698649644851685 2.7478659892082216
9.519680571357197 0.437656968832016 2.7478659892082216
10 0.44612598419189453 2.6938740158081056
10 0.44389209151268005 2.6938740158081056
10 0.4417110085487366 2.6938740158081056
10 0.4373248219490051 2.6938740158081056
10 0.4282333552837372 2.6938740158081056
10 0.42278823256492615 2.717211767435074
10 0.4222943186759949 2.717211767435074
10 0.42673420906066895 2.717211767435074
10 0.42707887291908264 2.717211767435074
10 0.42967066168785095 2.717211767435074
10 0.4329817295074463 2.707018270492554
10 0.43727007508277893 2.707018270492554
10 0.44097769260406494 2.707018270492554
10 0.4499531686306 2.707018270492554
10 0.4492214024066925 2.707018270492554
10 0.44797420501708984 2.6920257949829103
10 0.4493989646434784 2.6920257949829103
10 0.44956642389297485 2.6920257949829103
10 0.4508436322212219 2.6920257949829103
10 0.45103469491004944 2.6920257949829103
10 0.4544764459133148 2.6855235540866853
10 0.45644330978393555 2.6855235540866853
10 0.46087929606437683 2.6855235540866853
10 0.45424938201904297 2.6855235540866853
10 0.45233383774757385 2.6855235540866853
10 0.4476909339427948 2.6923090660572053
10 0.8497232794761658 2.6923090660572053
10 0.7063009142875671 2.6923090660572053
0 0.8665125966072083 0
0 0.4186326861381531 0
0 0.39450618624687195 0
0 0.28031376004219055 0
0 0.3139004707336426 0
0 0.3334490954875946 0
0 0.2939967215061188 0
0 0.2806715667247772 0
0 0.28034162521362305 0
0 0.2830120325088501 0
0 0.2958003878593445 0
0 0.46350210905075073 0
0 0.6034636497497559 0
0 0.6543850302696228 0
0 0.6455466151237488 0
0 0.6432443857192993 0
0 0.726487934589386 0
0 0.6931752562522888 0
0 0.6654227375984192 0
0 0.8854503035545349 0
0 0.8248531818389893 0
0 0.4452590048313141 0
0 0.5795256495475769 0
0 0.4411237835884094 0
0 0.15503013134002686 0
0 0.0 0
0 0.0422622449696064 0
0 0.0100336242467165 0
0 0.008699554018676281 0
0 0.7727033495903015 0
0 0.9619934558868408 0
0 0.3677639067173004 0
0 0.3076203763484955 0
0 0.3800908029079437 0
0 0.4119814336299896 0
0 0.3911929726600647 0
0 0.36520102620124817 0
0 0.37790656089782715 0
0 0.3539000153541565 0
0 0.18131498992443085 0
0 0.0970337763428688 0
0 0.0894809439778328 0
0 0.0711895003914833 0
0 0.08925526589155197 0
0 0.09264376014471054 0
0 0.09004209190607071 0
0 0.08320111036300659 0
0 0.06678961962461472 0
0 0.054353777319192886 0
0 0.04311870038509369 0
0 0.05255025252699852 0
0 0.030907541513442993 0
0 0.00044789593084715307 0
0 0.0 0
0 0.0 0
0 0.0 0
0 0.0 0
0 0.03123980201780796 0
0 0.03596586734056473 0
0 0.042266905307769775 0
0 0.04549390450119972 0
0 0.05480377748608589 0
0 0.06252431869506836 0
0 0.11885001510381699 0
0 0.32039937376976013 0
0 0.5112281441688538 0
0 0.8991129398345947 0
0 1.3687491416931152 0
0 1.7038458585739136 0
0 1.9795955419540405 0
0 2.220285177230835 0
0 2.455954074859619 0
0 2.7998650074005127 0
0 3.0307841300964355 0
0 3.1330316066741943 0
0 3.1415927410125732 0
0 3.1415927410125732 0
0 3.1415927410125732 0
0 3.1415927410125732 0
0 3.1415927410125732 0
0 3.1415927410125732 0
0 3.1415927410125732 0
0 3.1415927410125732 0
0 3.0595202445983887 0
0 1.3695489168167114 0
0 0.8243968486785889 0
0 0.5962015390396118 0
0 0.4372811019420624 0
0 0.33028799295425415 0
0 0.29567140340805054 0
0 0.29378393292427063 0
0 0.2844219207763672 0
0 0.26665741205215454 0
0 0.2580786943435669 0
0 0.1869482845067978 0
0 0.10785398632287979 0
0 0.07799097150564194 0
0 0.0 0
0 0.0 0
0 0.0 0
0 0.0 0
0 0.0 0
0 0.0 0
0 0.0 0
0 0.0 0
0 0.0 0
0 0.0 0
0 0.0018175857840105891 0
0 0.0012519333977252245 0
0 0.0 0
0 0.0 0
0 0.0 0
0 0.0 0
0 0.0 0
0 0.0 0
0 0.0 0
0 0.0 0
0 0.0 0
0 0.0 0
0 0.0068711149506270885 0
0 0.011621183715760708 0
0 0.01564301922917366 0
0 0.01988023892045021 0
0 0.021181587129831314 0
0 0.02105843275785446 0
0 0.025116821750998497 0
0 0.028487620875239372 0
0 0.03379790857434273 0
0 0.038013096898794174 0
0 0.04519786685705185 0
1.1949119352969764 0.05157482624053955 3.0884251737594606
1.1949119352969764 0.05305922403931618 3.0884251737594606
1.1949119352969764 0.05462614446878433 3.0884251737594606
1.1949119352969764 0.05520513281226158 3.0884251737594606
1.1949119352969764 0.05111117288470268 3.0884251737594606
2.3900076548898355 0.05050310865044594 3.089496891349554
2.3900076548898355 0.04857746511697769 3.089496891349554
2.3900076548898355 0.050601594150066376 3.089496891349554
2.3900076548898355 0.04715400189161301 3.089496891349554
2.3900076548898355 0.04436855390667915 3.089496891349554
3.586013751554619 0.0451943464577198 3.0948056535422803
3.586013751554619 0.04491579905152321 3.0948056535422803
3.586013751554619 0.04520378261804581 3.0948056535422803
3.586013751554619 0.04755762964487076 3.0948056535422803
3.586013751554619 0.048425137996673584 3.0948056535422803
4.7805807048819755 0.05358655005693436 3.0864134499430658
4.7805807048819755 0.114544577896595 3.0864134499430658
4.7805807048819755 0.26022905111312866 3.0864134499430658
4.7805807048819755 0.2638557553291321 3.0864134499430658
4.7805807048819755 0.27186667919158936 3.0864134499430658
5.935727459625164 0.2834610342979431 2.856538965702057
5.935727459625164 0.2895648181438446 2.856538965702057
5.935727459625164 0.3017168641090393 2.856538965702057
5.935727459625164 0.33978527784347534 2.856538965702057
5.935727459625164 0.4141296148300171 2.856538965702057
7.06177601139031 0.4531439542770386 2.6868560457229616
7.06177601139031 0.45374923944473267 2.6868560457229616
7.06177601139031 0.4551736116409302 2.6868560457229616
7.06177601139031 0.4825839102268219 2.6868560457229616
7.06177601139031 0.5751298666000366 2.6868560457229616
8.1574853659618 0.6300635933876038 2.5099364066123964
8.1574853659618 0.7056513428688049 2.5099364066123964
8.1574853659618 0.7736419439315796 2.5099364066123964
8.1574853659618 0.8211270570755005 2.5099364066123964
8.1574853659618 0.8606014251708984 2.5099364066123964
9.209019917886623 0.8876640200614929 2.252335979938507
9.209019917886623 0.966556191444397 2.252335979938507
9.209019917886623 1.04837965965271 2.252335979938507
9.209019917886623 1.1018319129943848 2.252335979938507
9.209019917886623 1.1087995767593384 2.252335979938507
10 1.2278562784194946 1.9121437215805055
10 1.3953406810760498 1.9121437215805055
10 1.5393400192260742 1.9121437215805055
10 1.6023770570755005 1.9121437215805055
10 1.6676890850067139 1.9121437215805055
10 1.7513808012008667 1.3886191987991334
10 1.8462156057357788 1.3886191987991334
10 1.9353725910186768 1.3886191987991334
10 2.028780221939087 1.3886191987991334
10 2.088016986846924 1.3886191987991334
10 2.123941659927368 1.016058340072632
10 2.1789252758026123 1.016058340072632
10 2.2415213584899902 1.016058340072632
10 2.307892322540283 1.016058340072632
10 2.3492774963378906 1.016058340072632
10 2.3772332668304443 0.7627667331695558
10 2.4233274459838867 0.7627667331695558
10 2.4631717205047607 0.7627667331695558
10 2.527761459350586 0.7627667331695558
10 2.5666046142578125 0.7627667331695558
10 2.6198174953460693 0.5201825046539308
10 2.673722505569458 0.5201825046539308
10 2.711263656616211 0.5201825046539308
10 2.7425119876861572 0.5201825046539308
10 2.7940075397491455 0.5201825046539308
10 2.8187294006347656 0.3212705993652345
10 2.8405299186706543 0.3212705993652345
10 2.873523235321045 0.3212705993652345
10 2.922614574432373 0.3212705993652345
10 2.9857873916625977 0.3212705993652345
10 3.034844398498535 0.10515560150146497
10 3.0855190753936768 0.10515560150146497
10 3.1253960132598877 0.10515560150146497
10 3.1415927410125732 0.10515560150146497
10 3.1415927410125732 0.10515560150146497
10 3.1415927410125732 0.0015927410125731178
10 3.1415927410125732 0.0015927410125731178
10 3.1415927410125732 0.0015927410125731178
10 3.1415927410125732 0.0015927410125731178
10 3.1415927410125732 0.0015927410125731178
10 3.1415927410125732 0.0015927410125731178
10 3.1415927410125732 0.0015927410125731178
10 3.1415927410125732 0.0015927410125731178
10 3.1415927410125732 0.0015927410125731178
10 3.1415927410125732 0.0015927410125731178
10 3.1415927410125732 0.0015927410125731178
10 3.1415927410125732 0.0015927410125731178
10 3.1415927410125732 0.0015927410125731178
10 3.1415927410125732 0.0015927410125731178
10 3.1415927410125732 0.0015927410125731178
10 3.1415927410125732 0.0015927410125731178
10 3.1415927410125732 0.0015927410125731178
10 3.1415927410125732 0.0015927410125731178
10 3.1415927410125732 0.0015927410125731178
10 3.1415927410125732 0.0015927410125731178
10 3.1415927410125732 0.0015927410125731178
10 3.1415927410125732 0.0015927410125731178
10 3.1415927410125732 0.0015927410125731178
10 3.1415927410125732 0.0015927410125731178
10 3.1415927410125732 0.0015927410125731178
10 3.1415927410125732 0.0015927410125731178
10 3.1415927410125732 0.0015927410125731178
10 3.1415927410125732 0.0015927410125731178
10 3.1415927410125732 0.0015927410125731178
10 3.1415927410125732 0.0015927410125731178
10 3.1415927410125732 0.0015927410125731178
10 3.1415927410125732 0.0015927410125731178
10 3.1415927410125732 0.0015927410125731178
0 0.7200306057929993 0
0 0.2215852290391922 0
0 0.11203775554895401 0
0 0.26528289914131165 0
0 0.1964731067419052 0
0 0.20461148023605347 0
0 0.2369641810655594 0
0 0.22297303378582 0
0 0.17632770538330078 0
0 0.11631575226783752 0
0 0.0941760241985321 0
0 0.08927103132009506 0
0 0.07190015912055969 0
0 0.0723913386464119 0
0 0.038776811212301254 0
0 0.03258270397782326 0
0 0.05606446415185928 0
0 0.08500160276889801 0
0 0.2461719959974289 0
0 0.3246152400970459 0
0 0.27584344148635864 0
0 0.2508973181247711 0
0 0.24079938232898712 0
0 0.24012069404125214 0
0 0.23943910002708435 0
0 0.24218690395355225 0
0 0.24262969195842743 0
0 0.24302221834659576 0
0 0.24599556624889374 0
0 0.2518521547317505 0
0 0.2541944086551666 0
0 0.24018850922584534 0
0 0.24255067110061646 0
0 0.24767526984214783 0
0 0.2596961259841919 0
0 0.294445276260376 0
0 0.29420390725135803 0
0 0.283563494682312 0
0 0.2656938135623932 0
0 0.2499709576368332 0
0 0.2526648938655853 0
0 0.2553551495075226 0
0 0.25537702441215515 0
0 0.24872562289237976 0
0 0.2464226931333542 0
0 0.2452949583530426 0
0 0.24561181664466858 0
0 0.2503461241722107 0
0 0.24411459267139435 0
0 0.23859429359436035 0
0 0.23466141521930695 0
0 0.2348405420780182 0
0 0.22714772820472717 0
0 0.21740427613258362 0
0.8598618306620153 0.3034552037715912 2.836544796228409
0.8598618306620153 0.3041161298751831 2.836544796228409
0.8598618306620153 0.2961030900478363 2.836544796228409
0.8598618306620153 0.28989148139953613 2.836544796228409
0.8598618306620153 0.29216140508651733 2.836544796228409
1.7204234617768224 0.29325318336486816 2.846746816635132
1.7204234617768224 0.292824387550354 2.846746816635132
1.7204234617768224 0.2998650074005127 2.846746816635132
1.7204234617768224 0.31569987535476685 2.846746816635132
1.7204234617768224 0.3160989284515381 2.846746816635132
2.583140736191262 0.2618272006511688 2.8781727993488313
2.583140736191262 0.12101633101701736 2.8781727993488313
2.583140736191262 0.012832610867917538 2.8781727993488313
2.583140736191262 0.0 2.8781727993488313
2.583140736191262 0.0 2.8781727993488313
3.4638178642684245 0.0 3.14
3.4638178642684245 0.0 3.14
3.4638178642684245 0.0 3.14
3.4638178642684245 0.0 3.14
3.4638178642684245 0.0 3.14
4.344494992345587 0.0 3.14
4.344494992345587 0.0 3.14
4.344494992345587 0.014755289070308208 3.14
4.344494992345587 0.06240946054458618 3.14
4.344494992345587 0.10701440274715424 3.14
5.2128067842261245 0.18026769161224365 2.9597323083877565
5.2128067842261245 0.22406341135501862 2.9597323083877565
5.2128067842261245 0.2321481555700302 2.9597323083877565
5.2128067842261245 0.2301206886768341 2.9597323083877565
5.2128067842261245 0.2468927651643753 2.9597323083877565
6.076682726036669 0.24493560194969177 2.8950643980503084
6.076682726036669 0.24219375848770142 2.8950643980503084
6.076682726036669 0.23349910974502563 2.8950643980503084
6.076682726036669 0.22066333889961243 2.8950643980503084
6.076682726036669 0.21864087879657745 2.8950643980503084
6.942158208526885 0.2216167449951172 2.918383255004883
6.942158208526885 0.2282269150018692 2.918383255004883
6.942158208526885 0.2759231925010681 2.918383255004883
6.942158208526885 0.6236598491668701 2.918383255004883
6.942158208526885 1.0430659055709839 2.918383255004883
7.718284487022525 1.5241914987564087 1.6158085012435914
7.718284487022525 1.8954145908355713 1.6158085012435914
7.718284487022525 2.165567636489868 1.6158085012435914
7.718284487022525 2.3811936378479004 1.6158085012435914
7.718284487022525 2.6064558029174805 1.6158085012435914
8.407519460283556 2.790933847427368 0.34906615257263196
8.407519460283556 2.9350438117980957 0.34906615257263196
8.407519460283556 2.992537498474121 0.34906615257263196
8.407519460283556 2.7249441146850586 0.34906615257263196
8.407519460283556 2.2632296085357666 0.34906615257263196
9.154841205329776 1.944117546081543 1.1958824539184572
9.154841205329776 1.800682783126831 1.1958824539184572
9.154841205329776 1.7431288957595825 1.1958824539184572
9.154841205329776 1.7673791646957397 1.1958824539184572
9.154841205329776 1.8006113767623901 1.1958824539184572
9.905795625375374 1.8911586999893188 1.2488413000106813
9.905795625375374 2.6065382957458496 1.2488413000106813
9.905795625375374 3.005258798599243 1.2488413000106813
9.905795625375374 3.1415927410125732 1.2488413000106813
9.905795625375374 3.1415927410125732 1.2488413000106813
10 3.1415927410125732 0.0015927410125731178
10 3.1415927410125732 0.0015927410125731178
10 3.1415927410125732 0.0015927410125731178
10 3.1415927410125732 0.0015927410125731178
10 3.1415927410125732 0.0015927410125731178
10 3.1415927410125732 0.0015927410125731178
10 3.1415927410125732 0.0015927410125731178
10 3.1415927410125732 0.0015927410125731178
10 3.1415927410125732 0.0015927410125731178
10 3.1415927410125732 0.0015927410125731178
10 3.1415927410125732 0.0015927410125731178
10 3.1415927410125732 0.0015927410125731178
10 3.1415927410125732 0.0015927410125731178
10 3.1415927410125732 0.0015927410125731178
10 3.1415927410125732 0.0015927410125731178
10 3.1415927410125732 0.0015927410125731178
10 3.1415927410125732 0.0015927410125731178
10 3.1415927410125732 0.0015927410125731178
10 3.1415927410125732 0.0015927410125731178
10 3.04030179977417 0.0996982002258302
10 3.0910513401031494 0.0996982002258302
10 3.0529396533966064 0.0996982002258302
10 3.117238998413086 0.0996982002258302
10 3.0269267559051514 0.11307324409484876
10 2.169302225112915 0.11307324409484876
10 1.089728593826294 0.11307324409484876
10 0.5214530229568481 2.618546977043152
10 0.19367633759975433 2.618546977043152
10 0.09792179614305496 2.618546977043152
10 0.05509578436613083 2.618546977043152
10 0.012567984871566296 2.618546977043152
10 0.023581016808748245 3.116418983191252
10 0.044111572206020355 3.116418983191252
10 0.08442182093858719 3.116418983191252
10 0.1888071894645691 3.116418983191252
10 0.4382365345954895 3.116418983191252
10 0.7866571545600891 2.353342845439911
10 1.1425025463104248 2.353342845439911
10 1.5791358947753906 2.353342845439911
10 1.9559792280197144 2.353342845439911
10 2.2411749362945557 2.353342845439911
10 2.5351269245147705 0.6048730754852296
10 2.750678300857544 0.6048730754852296
10 2.992234230041504 0.6048730754852296
10 3.1415927410125732 0.6048730754852296
10 3.1415927410125732 0.6048730754852296
10 3.1415927410125732 0.0015927410125731178
10 3.1415927410125732 0.0015927410125731178
10 3.1415927410125732 0.0015927410125731178
10 3.1415927410125732 0.0015927410125731178
10 3.1415927410125732 0.0015927410125731178
10 3.1415927410125732 0.0015927410125731178
10 3.1415927410125732 0.0015927410125731178
10 3.1415927410125732 0.0015927410125731178
10 3.1415927410125732 0.0015927410125731178
10 2.6331946849823 0.0015927410125731178
10 1.5781646966934204 1.5618353033065797
10 0.9510061740875244 1.5618353033065797
10 0.6017877459526062 1.5618353033065797
10 0.3535296618938446 1.5618353033065797
10 0.24918782711029053 1.5618353033065797
10 0.13886570930480957 3.0011342906951906
10 0.014480010606348515 3.0011342906951906
10 0.0 3.0011342906951906
10 0.0 3.0011342906951906
10 0.0 3.0011342906951906
10 0.0 3.14
10 0.0 3.14
10 0.09227518737316132 3.14
10 0.25451329350471497 3.14
10 0.5238527059555054 3.14
10 0.8232917189598083 2.3167082810401918
10 1.1288058757781982 2.3167082810401918
10 1.53408944606781 2.3167082810401918
10 1.853650689125061 2.3167082810401918
10 2.1167564392089844 2.3167082810401918
10 2.345468521118164 0.7945314788818361
10 2.5491843223571777 0.7945314788818361
10 2.7354650497436523 0.7945314788818361
10 3.02022123336792 0.7945314788818361
10 3.1415927410125732 0.7945314788818361
10 3.1415927410125732 0.0015927410125731178
10 3.1415927410125732 0.0015927410125731178
10 3.1415927410125732 0.0015927410125731178
10 3.1415927410125732 0.0015927410125731178
10 3.1415927410125732 0.0015927410125731178
10 3.1415927410125732 0.0015927410125731178
10 3.1415927410125732 0.0015927410125731178
10 3.1415927410125732 0.0015927410125731178
10 3.1415927410125732 0.0015927410125731178
10 2.987398386001587 0.0015927410125731178
10 3.0496256351470947 0.0903743648529054
0 3.1415927410125732 0
0 1.3498157262802124 0
