0 0.44860172271728516
0 0.43045365810394287
0 0.43606218695640564
0 0.43127524852752686
0 0.434491366147995
0 0.44029030203819275
0 0.4412555992603302
0 0.43872955441474915
0 0.45363277196884155
0 0.45765456557273865
0 0.4546124041080475
0 0.4550515115261078
0 0.46428927779197693
0 0.4646488130092621
0 0.4638823866844177
0 0.4627285599708557
0 0.4600006639957428
0 0.45781102776527405
0 0.4575282335281372
0 0.4693096876144409
0 0.46214237809181213
0 0.4569110572338104
0 0.46381375193595886
0 0.47371768951416016
0 0.47435829043388367
0 0.46762311458587646
0 0.4630090296268463
0 0.47073742747306824
2 0.4728509485721588
2 0.47914019227027893
2 0.48256227374076843
2 0.4896562993526459
2 0.496393084526062
2 0.5024396181106567
2 0.5121585130691528
2 0.5044655203819275
2 0.5047211647033691
2 0.515945553779602
2 0.5189701318740845
2 0.5155105590820312
2 0.5120577812194824
2 0.5156526565551758
2 0.526873767375946
2 0.5426651239395142
2 0.5476385951042175
2 0.5444577932357788
2 0.5415377616882324
2 0.5396819114685059
2 0.5408370494842529
2 0.5442531704902649
2 0.543194591999054
2 0.5478202104568481
2 0.5468966364860535
2 0.5485965013504028
2 0.5510558485984802
0 0.5531015396118164
0 0.5505450963973999
0 0.5558253526687622
0 0.5502901077270508
0 0.551752507686615
0 0.5582427978515625
0 0.5653231143951416
0 0.5602630376815796
0 0.562213122844696
0 0.5570393204689026
0 0.555796205997467
0 0.5589308142662048
0 0.5642403364181519
0 0.5649601817131042
0 0.5695803761482239
0 0.5679677128791809
0 0.5728697180747986
0 0.5803000330924988
0 0.5825468301773071
0 0.5805177092552185
0 0.5795053243637085
0 0.5810940861701965
0 0.5819113254547119
0 0.5806671380996704
0 0.5846808552742004
0 0.588388204574585
0 0.5914944410324097
0 0.5880523920059204
4 0.5846244692802429
4 0.5876326560974121
4 0.5878022313117981
4 0.5899091362953186
4 0.583356499671936
4 0.5836057066917419
4 0.5852928161621094
4 0.5818998217582703
4 0.584778904914856
4 0.589089572429657
4 0.5888971090316772
4 0.5890911817550659
4 0.5876705646514893
4 0.588015079498291
4 0.5949757695198059
4 0.592723548412323
4 0.6012734174728394
4 0.6036815047264099
4 0.6057260036468506
4 0.5982930660247803
4 0.6047353148460388
4 0.6083843111991882
4 0.606095552444458
4 0.6117745041847229
4 0.610517680644989
4 0.6102893948554993
4 0.6090846061706543
4 0.6149100065231323
0 0.610363781452179
0 0.5979040265083313
0 0.6083940267562866
0 0.6117134690284729
0 0.6246919631958008
0 0.6206479072570801
0 0.6212619543075562
0 0.6157097816467285
0 0.6129491925239563
0 0.6079061031341553
0 0.6128564476966858
0 0.612561047077179
0 0.6065104603767395
0 0.6156489253044128
0 0.6131318211555481
0 0.6095914840698242
0 0.606082558631897
0 0.6124988198280334
0 0.6133918762207031
0 0.6170474886894226
0 0.6190253496170044
0 0.6182745099067688
0 0.6137837767601013
0 0.6243250966072083
0 0.6272964477539062
0 0.6377307176589966
0 0.6263641119003296
0 0.631438672542572
6 0.6316354870796204
6 0.6316958069801331
6 0.6222067475318909
6 0.6429710388183594
6 0.6481338143348694
6 0.6615355014801025
6 0.7014299035072327
6 0.726161539554596
6 0.7947922945022583
6 0.8426274657249451
6 0.8797041773796082
6 0.9356021881103516
6 0.9969725608825684
6 1.0374016761779785
6 1.0877344608306885
6 1.1243597269058228
6 1.1910064220428467
6 1.3204545974731445
6 1.4474999904632568
6 1.4681191444396973
6 1.4771437644958496
6 1.5003623962402344
6 1.5815534591674805
6 1.6038167476654053
6 1.617946982383728
6 1.6102969646453857
6 1.6130362749099731
6 1.608797550201416
0 1.6231473684310913
0 1.6700520515441895
0 1.709822654724121
0 1.7764376401901245
0 1.853874683380127
0 1.9111707210540771
0 1.9661545753479004
0 1.9553126096725464
0 1.929114818572998
0 1.9382351636886597
0 1.957066535949707
0 1.964224100112915
0 1.9644986391067505
0 1.962324857711792
0 1.9674748182296753
0 1.9696859121322632
0 1.9723060131072998
0 1.9682421684265137
0 1.974032998085022
0 1.9706217050552368
0 1.9683233499526978
0 1.8964475393295288
0 1.7785052061080933
0 1.7639391422271729
0 1.7899972200393677
0 1.793534517288208
0 1.8140853643417358
0 1.8372864723205566
8 1.8532764911651611
8 1.8247761726379395
8 1.9200844764709473
8 2.155414342880249
8 2.0806829929351807
8 2.249664545059204
8 2.5157854557037354
8 2.806474447250366
8 3.1084213256835938
8 3.101522207260132
8 3.1239218711853027
8 3.1415927410125732
8 3.1415927410125732
8 3.1415927410125732
8 3.1415927410125732
8 3.1415927410125732
8 3.1415927410125732
8 3.1415927410125732
8 3.1415927410125732
8 3.1415927410125732
8 3.1415927410125732
8 3.1415927410125732
8 3.1415927410125732
8 3.1415927410125732
8 3.1415927410125732
8 3.1415927410125732
8 3.1415927410125732
8 3.1415927410125732
0 3.1415927410125732
0 3.1415927410125732
0 3.1415927410125732
0 3.080775022506714
0 2.6987345218658447
0 2.334010362625122
0 1.8540985584259033
0 1.58950674533844
0 1.4857349395751953
0 1.5345408916473389
0 1.4894570112228394
0 1.446754813194275
0 1.4019547700881958
0 1.1646684408187866
0 0.9305609464645386
0 0.9046794176101685
0 0.9192125797271729
0 0.9429124593734741
0 0.9407476782798767
0 0.9262818694114685
0 0.9247796535491943
0 0.9449512958526611
0 0.9710438847541809
0 0.9787859320640564
0 0.9968004822731018
0 0.993889331817627
0 0.9852405190467834
0 0.989673912525177
9 0.9978663325309753
9 1.0002692937850952
9 1.0847162008285522
9 1.4988319873809814
9 1.8115215301513672
9 2.17006516456604
9 3.029553174972534
9 3.1415927410125732
9 3.1415927410125732
9 3.1415927410125732
9 3.1415927410125732
9 3.1415927410125732
9 3.1415927410125732
9 3.1415927410125732
9 3.1415927410125732
9 3.1415927410125732
9 3.1415927410125732
9 3.1415927410125732
9 3.1415927410125732
9 3.1415927410125732
