0 0.6354939341545105
0 0.6381352543830872
0 0.6384803652763367
0 0.6411774158477783
0 0.6429935693740845
0 0.6397145986557007
0 0.6417578458786011
0 0.6450154185295105
0 0.6421137452125549
0 0.638777494430542
0 0.6380560398101807
0 0.634816586971283
0 0.6324517130851746
0 0.6356702446937561
0 0.633916437625885
0 0.6388630867004395
0 0.6339187622070312
0 0.6400344371795654
0 0.6394311189651489
0 0.6340625882148743
0 0.6377714276313782
0 0.6368519067764282
0 0.6399440765380859
0 0.6363303065299988
0 0.642285168170929
0 0.6399452686309814
0 0.642483651638031
0 0.6303842067718506
1 0.6359387636184692
1 0.6315692663192749
1 0.6346617937088013
1 0.6394798159599304
1 0.6345980167388916
1 0.6374636888504028
1 0.6341841816902161
1 0.631388247013092
1 0.6295583248138428
1 0.6353381276130676
1 0.6348133683204651
1 0.6235657334327698
1 0.6260265111923218
1 0.6295908689498901
1 0.6257144212722778
1 0.6323665976524353
1 0.636988639831543
1 0.6358560919761658
1 0.6427150964736938
1 0.6379678845405579
1 0.6407083868980408
1 0.6404467225074768
1 0.6419175267219543
1 0.6477449536323547
1 0.6465070247650146
1 0.6401577591896057
1 0.631903350353241
1 0.6337754726409912
2 0.6311054825782776
2 0.6292313933372498
2 0.6261844038963318
2 0.6262530088424683
2 0.6236051917076111
2 0.6236001253128052
2 0.6281272768974304
2 0.6285867094993591
2 0.6279758214950562
2 0.6292734146118164
2 0.6344603300094604
2 0.6379818916320801
2 0.6372262835502625
2 0.6434357762336731
2 0.6456740498542786
2 0.6547147631645203
2 0.6551579833030701
2 0.663960337638855
2 0.6607531905174255
2 0.6588093042373657
2 0.659423828125
2 0.6605895757675171
2 0.6622718572616577
2 0.6615940928459167
2 0.6597754955291748
2 0.6548648476600647
2 0.6471673846244812
2 0.64705890417099
3 0.6513791680335999
3 0.6533811092376709
3 0.6553991436958313
3 0.6513914465904236
3 0.6586170196533203
3 0.658623993396759
3 0.6586894392967224
3 0.6555219292640686
3 0.6641084551811218
3 0.6656745076179504
3 0.6671247482299805
3 0.6710893511772156
3 0.6817038655281067
3 0.6944299340248108
3 0.6994813084602356
3 0.7011526226997375
3 0.6988157629966736
3 0.6980506181716919
3 0.7039321064949036
3 0.7056409120559692
3 0.7045971155166626
3 0.7036495804786682
3 0.6996977925300598
3 0.6949320435523987
3 0.7038202881813049
3 0.7050805687904358
3 0.7029489278793335
3 0.7051048278808594
4 0.7045119404792786
4 0.6955627202987671
4 0.6954235434532166
4 0.7004978656768799
4 0.6993686556816101
4 0.7047292590141296
4 0.6979706287384033
4 0.6984596848487854
4 0.6973667740821838
4 0.7004351615905762
4 0.7015005350112915
4 0.7021316885948181
4 0.7041944265365601
4 0.7049888372421265
4 0.7036526203155518
4 0.7085314393043518
4 0.7114248871803284
4 0.7138480544090271
4 0.7149513959884644
4 0.7154795527458191
4 0.7132658958435059
4 0.7189396619796753
4 0.7156764268875122
4 0.714066207408905
4 0.7123260498046875
4 0.7147684097290039
4 0.7218850255012512
4 0.7197194695472717
5 0.718919575214386
5 0.7137116193771362
5 0.7116944789886475
5 0.7121110558509827
5 0.7009416222572327
5 0.6938858032226562
5 0.6948001980781555
5 0.6928085088729858
5 0.6920524835586548
5 0.6916512250900269
5 0.6811746954917908
5 0.6716808080673218
5 0.671839714050293
5 0.6776634454727173
5 0.6722128391265869
5 0.6720238327980042
5 0.665946900844574
5 0.6654184460639954
5 0.6664384603500366
5 0.6648584604263306
5 0.6553124189376831
5 0.6586531400680542
5 0.6638947129249573
5 0.6633626222610474
5 0.6654878854751587
5 0.6773525476455688
5 0.6833896636962891
5 0.6852871179580688
6 0.6873129606246948
6 0.6887241005897522
6 0.6837495565414429
6 0.6824663877487183
6 0.6851520538330078
6 0.6939660906791687
6 0.7082769870758057
6 0.7137531042098999
6 0.7303981781005859
6 0.7267852425575256
6 0.7175731658935547
6 0.7115827798843384
6 0.7075676321983337
6 0.7077746987342834
6 0.7034867405891418
6 0.6915527582168579
6 0.687350332736969
6 0.676720380783081
6 0.6759442687034607
6 0.6784035563468933
6 0.6735456585884094
6 0.6587770581245422
6 0.6455172300338745
6 0.6433131694793701
6 0.6525822281837463
6 0.6369521617889404
6 0.6541715860366821
6 0.6531633734703064
7 0.6502729058265686
7 0.64598548412323
7 0.649962842464447
7 0.6465818881988525
7 0.6432613730430603
7 0.6439909338951111
7 0.6613941192626953
7 0.6651543378829956
7 0.6730937361717224
7 0.6720747351646423
7 0.6712490320205688
7 0.6745158433914185
7 0.6785602569580078
7 0.6847401857376099
7 0.6935485005378723
7 0.6917163729667664
7 0.6879023313522339
7 0.6862077116966248
7 0.6815750598907471
7 0.6830500364303589
7 0.6936343908309937
7 0.6922253370285034
7 0.6906874179840088
7 0.6894544959068298
7 0.6879916191101074
7 0.6853877305984497
7 0.688312828540802
7 0.6859841346740723
8 0.6800157427787781
8 0.6793692111968994
8 0.6851268410682678
8 0.6945361495018005
8 0.719739556312561
8 0.8196608424186707
8 0.8513671159744263
8 0.8552936911582947
8 0.854722797870636
8 0.857083797454834
8 0.8599849939346313
8 0.8579172492027283
8 0.8558512926101685
8 0.8465767502784729
8 0.8462111949920654
8 0.8526027202606201
8 0.8459727168083191
8 0.8453754782676697
8 0.8460421562194824
8 0.855327308177948
8 0.8490986227989197
8 0.8498107194900513
8 0.8464218974113464
8 0.8463669419288635
8 0.8496713042259216
8 0.8604725003242493
8 0.8735840916633606
8 0.8816002011299133
9 0.8788586854934692
9 0.8786184191703796
9 0.8921288251876831
9 0.9199349880218506
9 0.9141880869865417
9 0.9115578532218933
9 0.9107125401496887
9 0.9179584383964539
9 0.9258720874786377
9 0.9171965718269348
9 0.9156228303909302
9 0.9299027919769287
9 0.9370622038841248
9 0.9632183313369751
9 0.9904660582542419
9 1.0156707763671875
9 1.0335246324539185
9 1.0307722091674805
9 1.0311975479125977
9 1.040271282196045
9 1.0423449277877808
9 1.0625083446502686
9 1.0740423202514648
9 1.1316477060317993
9 1.168578028678894
9 1.1936745643615723
9 1.226884126663208
9 1.2401584386825562
10 1.2738606929779053
10 1.3393781185150146
10 1.542535662651062
10 1.6656296253204346
10 1.7928162813186646
10 1.8842865228652954
10 2.021151542663574
10 2.1114003658294678
10 2.297128915786743
10 2.3864905834198
10 2.367143154144287
10 2.4399983882904053
10 2.5729422569274902
10 2.7686617374420166
10 2.8689358234405518
10 2.9170544147491455
10 2.974642276763916
10 2.9975507259368896
10 3.022737503051758
10 3.0363247394561768
10 3.04404354095459
10 3.0426242351531982
10 3.0438334941864014
10 3.0387611389160156
10 3.041424036026001
10 3.050067186355591
10 3.0504021644592285
10 3.051265239715576
10 3.049384117126465
10 3.0518956184387207
10 3.052292823791504
10 3.0508944988250732
10 3.0559558868408203
10 3.0617246627807617
10 3.0567445755004883
10 3.053513288497925
10 3.055403709411621
10 3.0502657890319824
10 3.0489158630371094
10 3.05145001411438
10 3.0486576557159424
10 3.045778274536133
10 3.043741226196289
10 3.047179698944092
10 3.0463201999664307
10 3.048091173171997
10 3.0490729808807373
10 3.0456759929656982
10 3.046009063720703
10 3.0443296432495117
10 3.0470876693725586
10 3.045325994491577
10 3.04512882232666
10 3.043984889984131
10 3.045907735824585
10 3.046949863433838
10 3.0445635318756104
10 3.033287525177002
10 3.037325859069824
10 3.0408623218536377
10 3.0421650409698486
10 3.0395548343658447
10 3.041614532470703
10 3.040863275527954
10 3.038306474685669
10 3.040391445159912
10 3.0427422523498535
10 3.0432775020599365
10 3.039289712905884
10 3.0386431217193604
10 3.037116765975952
10 3.0384254455566406
10 3.0404560565948486
10 3.04301381111145
10 3.0406875610351562
10 3.0377633571624756
10 3.043844223022461
10 3.0379531383514404
10 3.0372657775878906
10 3.029695510864258
10 3.026553153991699
10 3.0309674739837646
10 3.033092975616455
10 3.0275304317474365
10 3.0303971767425537
10 3.0312159061431885
10 3.0300655364990234
10 3.030916452407837
10 3.0276899337768555
10 3.0288174152374268
